Type;FSP;
Version;4.50;
Date;31.Mar 23;
Mode;ANALYZER;
Center Freq;370000000,000000;Hz
Freq Offset;0,000000;Hz
Span;0,000000;Hz
x-Axis;LIN;
Start;370000000,000000;Hz
Stop;370000000,000000;Hz
Ref Level;-20,000000;dBm
Level Offset;0,000000;dB
Ref Position;100,000000;%
y-Axis;LOG;
Level Range;100,000000;dB
Rf Att;10,000000;dB
RBW;10,000000;Hz
VBW;30,000000;Hz
SWT;80,000000;s
Trace Mode;CLR/WRITE;
Detector;SAMPLE;
Sweep Count;0;
Trace 1:;;
x-Unit;s;
y-Unit;dBm;
Preamplifier;NOT AVAILABLE;
Transducer;OFF;
Values;501;
0;-107,66445159912109;
0,16;-106,85687255859375;
0,32000000000000001;-107,66445159912109;
0,47999999999999998;-107,18780517578125;
0,64000000000000001;-107,02075958251953;
0,80000000000000004;-107,35811614990234;
0,95999999999999996;-106,81637573242187;
1,1200000000000001;-107,75399780273438;
1,28;-106,77606964111328;
1,4399999999999999;-107,14573669433594;
1,6000000000000001;-106,77606964111328;
1,76;-106,5380859375;
1,9199999999999999;-106,61669158935547;
2,0800000000000001;-107,02075958251953;
2,2400000000000002;-106,73595428466797;
2,3999999999999999;-107,06221771240234;
2,5600000000000001;-107,35811614990234;
2,7200000000000002;-107,06221771240234;
2,8799999999999999;-107,31522369384766;
3,04;-107,44454956054687;
3,2000000000000002;-106,85687255859375;
3,3599999999999999;-106,85687255859375;
3,52;-106,85687255859375;
3,6800000000000002;-107,31522369384766;
3,8399999999999999;-107,18780517578125;
4;-106,73595428466797;
4,1600000000000001;-107,66445159912109;
4,3200000000000003;-106,85687255859375;
4,4800000000000004;-106,85687255859375;
4,6399999999999997;-107,35811614990234;
4,7999999999999998;-107,66445159912109;
4,96;-107,75399780273438;
5,1200000000000001;-107,62002563476562;
5,2800000000000002;-107,62002563476562;
5,4400000000000004;-107,98198699951172;
5,6000000000000005;-107,06221771240234;
5,7599999999999998;-107,06221771240234;
5,9199999999999999;-107,31522369384766;
6,0800000000000001;-107,35811614990234;
6,2400000000000002;-106,89755249023437;
6,4000000000000004;-107,18780517578125;
6,5600000000000005;-106,61669158935547;
6,7199999999999998;-106,30644989013672;
6,8799999999999999;-107,06221771240234;
7,04;-107,48808288574219;
7,2000000000000002;-107,44454956054687;
7,3600000000000003;-107,98198699951172;
7,5200000000000005;-107,18780517578125;
7,6799999999999997;-107,35811614990234;
7,8399999999999999;-106,30644989013672;
8;-106,42149353027344;
8,1600000000000001;-106,04378509521484;
8,3200000000000003;-106,2305908203125;
8,4800000000000004;-106,73595428466797;
8,6400000000000006;-105,64644622802734;
8,8000000000000007;-105,4371337890625;
8,9600000000000009;-105,82480621337891;
9,120000000000001;-105,30034637451172;
9,2799999999999994;-104,52198791503906;
9,4399999999999995;-104,61554718017578;
9,5999999999999996;-104,52198791503906;
9,7599999999999998;-103,86500549316406;
9,9199999999999999;-103,75071716308594;
10,08;-103,66597747802734;
10,24;-103,55426025390625;
10,4;-103,01625823974609;
10,56;-102,81005859375;
10,720000000000001;-102,81005859375;
10,880000000000001;-102,10111236572266;
11,040000000000001;-102,12461853027344;
11,200000000000001;-101,86947631835937;
11,359999999999999;-101,71092987060547;
11,52;-101,40225982666016;
11,68;-101,06242370605469;
11,84;-101,08328247070312;
12;-100,73538970947266;
12,16;-100,63566589355469;
12,32;-100,38161468505859;
12,48;-100,28585052490234;
12,640000000000001;-100,00473022460937;
12,800000000000001;-99,768241882324219;
12,960000000000001;-99,590606689453125;
13,120000000000001;-99,468391418457031;
13,280000000000001;-99,399314880371094;
13,44;-99,14508056640625;
13,6;-98,979629516601563;
13,76;-98,86566162109375;
13,92;-98,914321899414063;
14,08;-98,705398559570313;
14,24;-98,51690673828125;
14,4;-98,705398559570313;
14,56;-98,753166198730469;
14,720000000000001;-98,211578369140625;
14,880000000000001;-98,317222595214844;
15,040000000000001;-97,902122497558594;
15,200000000000001;-97,989418029785156;
15,359999999999999;-97,989418029785156;
15,52;-97,887657165527344;
15,68;-97,931121826171875;
15,84;-97,687644958496094;
16;-97,47833251953125;
16,16;-97,327987670898438;
16,32;-97,74432373046875;
16,48;-97,14031982421875;
16,640000000000001;-97,287429809570313;
16,800000000000001;-97,206878662109375;
16,960000000000001;-97,206878662109375;
17,120000000000001;-97,047988891601563;
17,280000000000001;-97,14031982421875;
17,440000000000001;-97,034873962402344;
17,600000000000001;-96,814964294433594;
17,760000000000002;-96,8662109375;
17,920000000000002;-96,738662719726563;
18,080000000000002;-96,827751159667969;
18,240000000000002;-96,814964294433594;
18,400000000000002;-96,814964294433594;
18,559999999999999;-96,526039123535156;
18,719999999999999;-96,738662719726563;
18,879999999999999;-96,738662719726563;
19,039999999999999;-96,588035583496094;
19,199999999999999;-96,688163757324219;
19,359999999999999;-96,4644775390625;
19,52;-96,3790283203125;
19,68;-96,501365661621094;
19,84;-96,391181945800781;
20;-96,33056640625;
20,16;-96,306442260742187;
20,32;-96,294403076171875;
20,48;-96,092254638671875;
20,640000000000001;-96,210594177246094;
20,800000000000001;-96,080513000488281;
20,960000000000001;-96,033683776855469;
21,120000000000001;-95,837455749511719;
21,280000000000001;-95,998733520507813;
21,440000000000001;-95,952346801757813;
21,600000000000001;-96,1749267578125;
21,760000000000002;-95,987113952636719;
21,920000000000002;-95,963920593261719;
22,080000000000002;-95,998733520507813;
22,240000000000002;-95,929244995117187;
22,400000000000002;-95,746620178222656;
22,559999999999999;-95,746620178222656;
22,719999999999999;-95,72406005859375;
22,879999999999999;-95,72406005859375;
23,039999999999999;-95,645553588867188;
23,199999999999999;-95,60101318359375;
23,359999999999999;-95,746620178222656;
23,52;-95,589912414550781;
23,68;-95,392494201660156;
23,84;-95,523605346679688;
24;-95,479682922363281;
24,16;-95,220703125;
24,32;-95,2100830078125;
24,48;-95,370834350585938;
24,640000000000001;-95,306175231933594;
24,800000000000001;-95,295448303222656;
24,960000000000001;-95,136070251464844;
25,120000000000001;-95,021018981933594;
25,280000000000001;-95,220703125;
25,440000000000001;-95,17828369140625;
25,600000000000001;-95,06268310546875;
25,760000000000002;-95,28472900390625;
25,920000000000002;-95,05224609375;
26,080000000000002;-95,2100830078125;
26,240000000000002;-95,104537963867188;
26,400000000000002;-94,917739868164063;
26,560000000000002;-95,104537963867188;
26,719999999999999;-95,136070251464844;
26,879999999999999;-94,907478332519531;
27,039999999999999;-95,031417846679688;
27,199999999999999;-94,989906311035156;
27,359999999999999;-94,835990905761719;
27,52;-94,87677001953125;
27,68;-94,846168518066406;
27,84;-94,866554260253906;
28;-95,031417846679688;
28,16;-94,856353759765625;
28,32;-94,917739868164063;
28,48;-95,031417846679688;
28,640000000000001;-94,917739868164063;
28,800000000000001;-94,979560852050781;
28,960000000000001;-95,09405517578125;
29,120000000000001;-95,031417846679688;
29,280000000000001;-94,958900451660156;
29,440000000000001;-95,146598815917969;
29,600000000000001;-95,220703125;
29,760000000000002;-95,104537963867188;
29,920000000000002;-95,136070251464844;
30,080000000000002;-95,136070251464844;
30,240000000000002;-95,125541687011719;
30,400000000000002;-95,231346130371094;
30,560000000000002;-95,263336181640625;
30,719999999999999;-95,556694030761719;
30,879999999999999;-95,370834350585938;
31,039999999999999;-95,403343200683594;
31,199999999999999;-95,435981750488281;
31,359999999999999;-95,567756652832031;
31,52;-95,791915893554687;
31,68;-95,72406005859375;
31,84;-95,917716979980469;
32;-96,022018432617188;
32,160000000000004;-96,258384704589844;
32,32;-96,476760864257813;
32,480000000000004;-96,306442260742187;
32,640000000000001;-96,513694763183594;
32,799999999999997;-96,501365661621094;
32,960000000000001;-96,650482177734375;
33,119999999999997;-96,7767333984375;
33,280000000000001;-97,113838195800781;
33,439999999999998;-96,917762756347656;
33,600000000000001;-97,247062683105469;
33,759999999999998;-97,423362731933594;
33,920000000000002;-97,631332397460938;
34,079999999999998;-97,873214721679688;
34,240000000000002;-97,931121826171875;
34,399999999999999;-98,107192993164063;
34,560000000000002;-98,317222595214844;
34,719999999999999;-98,705398559570313;
34,880000000000003;-98,979629516601563;
35,039999999999999;-98,881851196289063;
35,200000000000003;-99,14508056640625;
35,359999999999999;-99,451072692871094;
35,520000000000003;-99,714569091796875;
35,68;-100,17230987548828;
35,840000000000003;-100,24783325195312;
36;-100,59609222412109;
36,160000000000004;-101,02086639404297;
36,32;-101,62161254882812;
36,480000000000004;-101,46748352050781;
36,640000000000001;-102,46057891845703;
36,800000000000004;-102,70876312255859;
36,960000000000001;-102,99021911621094;
37,119999999999997;-103,47140502929687;
37,280000000000001;-103,55426025390625;
37,439999999999998;-104,39878082275391;
37,600000000000001;-104,83786773681641;
37,759999999999998;-105,82480621337891;
37,920000000000002;-106,2684326171875;
38,079999999999998;-107,66445159912109;
38,240000000000002;-107,89007568359375;
38,399999999999999;-108,85617065429687;
38,560000000000002;-109,77131652832031;
38,719999999999999;-110,17808532714844;
38,880000000000003;-111,45773315429687;
39,039999999999999;-112,63729095458984;
39,200000000000003;-115,18886566162109;
39,359999999999999;-115,29544830322266;
39,520000000000003;-115,73532867431641;
39,68;-115,51260375976562;
39,840000000000003;-115,18886566162109;
40;-114,57549285888672;
40,160000000000004;-112,32704925537109;
40,32;-112,10142517089844;
40,480000000000004;-110,41938018798828;
40,640000000000001;-109,54714965820312;
40,800000000000004;-108,95896148681641;
40,960000000000001;-107,75399780273438;
41,119999999999997;-106,85687255859375;
41,280000000000001;-106,15538787841797;
41,439999999999998;-105,40273284912109;
41,600000000000001;-104,71013641357422;
41,759999999999998;-104,27729797363281;
41,920000000000002;-103,33504486083984;
42,079999999999998;-103,06858825683594;
42,240000000000002;-102,91254425048828;
42,399999999999999;-102,10111236572266;
42,560000000000002;-101,75592803955078;
42,719999999999999;-101,16719818115234;
42,880000000000003;-100,71535491943359;
43,039999999999999;-100,36238098144531;
43,200000000000003;-100,38161468505859;
43,359999999999999;-100,22888946533203;
43,520000000000003;-99,678970336914063;
43,68;-99,262802124023438;
43,840000000000003;-98,881851196289063;
44;-98,594947814941406;
44,160000000000004;-98,470420837402344;
44,32;-98,181625366210938;
44,480000000000004;-97,74432373046875;
44,640000000000001;-97,589340209960938;
44,800000000000004;-97,382354736328125;
44,960000000000001;-97,247062683105469;
45,119999999999997;-96,90484619140625;
45,280000000000001;-96,814964294433594;
45,439999999999998;-96,71337890625;
45,600000000000001;-96,294403076171875;
45,759999999999998;-96,210594177246094;
45,920000000000002;-96,033683776855469;
46,079999999999998;-95,803276062011719;
46,240000000000002;-95,72406005859375;
46,399999999999999;-95,556694030761719;
46,560000000000002;-95,392494201660156;
46,719999999999999;-95,295448303222656;
46,880000000000003;-95,220703125;
47,039999999999999;-95,136070251464844;
47,200000000000003;-95,083587646484375;
47,359999999999999;-94,886993408203125;
47,520000000000003;-94,734870910644531;
47,68;-94,724822998046875;
47,840000000000003;-94,4481201171875;
48;-94,409294128417969;
48,160000000000004;-94,341773986816406;
48,32;-94,246223449707031;
48,480000000000004;-94,142311096191406;
48,640000000000001;-94,151702880859375;
48,800000000000004;-94,011833190917969;
48,960000000000001;-94,011833190917969;
49,120000000000005;-93,94732666015625;
49,280000000000001;-94,039627075195313;
49,439999999999998;-94,011833190917969;
49,600000000000001;-93,892410278320312;
49,759999999999998;-94,011833190917969;
49,920000000000002;-93,596420288085938;
50,079999999999998;-93,622917175292969;
50,240000000000002;-93,658370971679688;
50,399999999999999;-93,605247497558594;
50,560000000000002;-93,56121826171875;
50,719999999999999;-93,605247497558594;
50,880000000000003;-93,631767272949219;
51,039999999999999;-93,658370971679688;
51,200000000000003;-93,57000732421875;
51,359999999999999;-93,56121826171875;
51,520000000000003;-93,658370971679688;
51,68;-93,631767272949219;
51,840000000000003;-93,543670654296875;
52;-93,499961853027344;
52,160000000000004;-93,508682250976563;
52,32;-93,499961853027344;
52,480000000000004;-93,56121826171875;
52,640000000000001;-93,56121826171875;
52,800000000000004;-93,631767272949219;
52,960000000000001;-93,729713439941406;
53,120000000000005;-93,596420288085938;
53,280000000000001;-93,6939697265625;
53,439999999999998;-93,855987548828125;
53,600000000000001;-93,729713439941406;
53,759999999999998;-93,72076416015625;
53,920000000000002;-93,819725036621094;
54,079999999999998;-93,846908569335937;
54,240000000000002;-93,892410278320312;
54,399999999999999;-93,984130859375;
54,560000000000002;-93,919822692871094;
54,719999999999999;-94,048912048339844;
54,880000000000003;-93,984130859375;
55,039999999999999;-93,984130859375;
55,200000000000003;-94,011833190917969;
55,359999999999999;-94,048912048339844;
55,520000000000003;-94,039627075195313;
55,68;-94,2747802734375;
55,840000000000003;-94,265251159667969;
56;-94,284317016601563;
56,160000000000004;-94,255729675292969;
56,32;-94,322578430175781;
56,480000000000004;-94,545928955078125;
56,640000000000001;-94,634918212890625;
56,800000000000004;-94,585365295410156;
56,960000000000001;-94,38995361328125;
57,120000000000005;-94,634918212890625;
57,280000000000001;-94,724822998046875;
57,439999999999998;-94,87677001953125;
57,600000000000001;-94,979560852050781;
57,759999999999998;-95,000267028808594;
57,920000000000002;-94,989906311035156;
58,079999999999998;-95,021018981933594;
58,240000000000002;-95,05224609375;
58,399999999999999;-95,381660461425781;
58,560000000000002;-95,360023498535156;
58,719999999999999;-95,381660461425781;
58,880000000000003;-95,316917419433594;
59,039999999999999;-95,370834350585938;
59,200000000000003;-95,370834350585938;
59,359999999999999;-95,479682922363281;
59,520000000000003;-95,479682922363281;
59,68;-95,757919311523438;
59,840000000000003;-95,757919311523438;
60;-95,975509643554687;
60,160000000000004;-95,917716979980469;
60,32;-96,080513000488281;
60,480000000000004;-96,115798950195313;
60,640000000000001;-96,427757263183594;
60,800000000000004;-96,210594177246094;
60,960000000000001;-96,439979553222656;
61,120000000000005;-96,427757263183594;
61,280000000000001;-96,650482177734375;
61,439999999999998;-96,700759887695313;
61,600000000000001;-96,891944885253906;
61,759999999999998;-97,034873962402344;
61,920000000000002;-96,930694580078125;
62,079999999999998;-97,047988891601563;
62,240000000000002;-97,300926208496094;
62,399999999999999;-97,206878662109375;
62,560000000000002;-97,4508056640625;
62,719999999999999;-97,14031982421875;
62,880000000000003;-97,54754638671875;
63,039999999999999;-97,43707275390625;
63,200000000000003;-97,902122497558594;
63,359999999999999;-97,575386047363281;
63,520000000000003;-97,989418029785156;
63,68;-98,151771545410156;
63,840000000000003;-98,317222595214844;
64;-98,181625366210938;
64,159999999999997;-98,532463073730469;
64,320000000000007;-98,332420349121094;
64,480000000000004;-98,362899780273438;
64,640000000000001;-98,424179077148438;
64,799999999999997;-98,753166198730469;
64,960000000000008;-99,045433044433594;
65,120000000000005;-98,93060302734375;
65,280000000000001;-99,161796569824219;
65,439999999999998;-99,212150573730469;
65,599999999999994;-99,14508056640625;
65,760000000000005;-99,245880126953125;
65,920000000000002;-99,520561218261719;
66,079999999999998;-99,913009643554688;
66,239999999999995;-100,04168701171875;
66,400000000000006;-100,22888946533203;
66,560000000000002;-100,1160888671875;
66,719999999999999;-100,42021942138672;
66,879999999999995;-100,40089416503906;
67,040000000000006;-100,655517578125;
67,200000000000003;-100,876953125;
67,359999999999999;-101,06242370605469;
67,519999999999996;-101,16719818115234;
67,680000000000007;-101,75592803955078;
67,840000000000003;-101,533203125;
68;-101,71092987060547;
68,159999999999997;-102,00771331787109;
68,320000000000007;-102,17182159423828;
68,480000000000004;-102,73397827148437;
68,640000000000001;-102,73397827148437;
68,799999999999997;-102,81005859375;
68,960000000000008;-103,1741943359375;
69,120000000000005;-103,28109741210937;
69,280000000000001;-104,06870269775391;
69,439999999999998;-103,77915191650391;
69,600000000000009;-104,06870269775391;
69,760000000000005;-104,74188995361328;
69,920000000000002;-104,77376556396484;
70,079999999999998;-104,83786773681641;
70,239999999999995;-105,19915008544922;
70,400000000000006;-105,06603240966797;
70,560000000000002;-105,64644622802734;
70,719999999999999;-106,15538787841797;
70,879999999999995;-105,75302124023437;
71,040000000000006;-106,61669158935547;
71,200000000000003;-105,68182373046875;
71,359999999999999;-106,19290924072266;
71,519999999999996;-106,46018218994141;
71,680000000000007;-106,34462738037109;
71,840000000000003;-106,65626525878906;
72;-106,46018218994141;
72,159999999999997;-106,46018218994141;
72,320000000000007;-106,2684326171875;
72,480000000000004;-106,15538787841797;
72,640000000000001;-106,5380859375;
72,799999999999997;-107,06221771240234;
72,960000000000008;-106,30644989013672;
73,120000000000005;-106,85687255859375;
73,280000000000001;-106,04378509521484;
73,439999999999998;-106,42149353027344;
73,600000000000009;-106,49904632568359;
73,760000000000005;-106,61669158935547;
73,920000000000002;-107,06221771240234;
74,079999999999998;-107,18780517578125;
74,239999999999995;-106,89755249023437;
74,400000000000006;-106,77606964111328;
74,560000000000002;-106,30644989013672;
74,719999999999999;-107,1038818359375;
74,879999999999995;-106,89755249023437;
75,040000000000006;-106,89755249023437;
75,200000000000003;-106,85687255859375;
75,359999999999999;-106,65626525878906;
75,519999999999996;-107,14573669433594;
75,680000000000007;-106,30644989013672;
75,840000000000003;-106,61669158935547;
76;-106,61669158935547;
76,159999999999997;-106,77606964111328;
76,320000000000007;-106,46018218994141;
76,480000000000004;-105,97017669677734;
76,640000000000001;-106,42149353027344;
76,799999999999997;-105,89718627929687;
76,960000000000008;-106,34462738037109;
77,120000000000005;-106,73595428466797;
77,280000000000001;-106,61669158935547;
77,439999999999998;-106,85687255859375;
77,600000000000009;-106,34462738037109;
77,760000000000005;-106,77606964111328;
77,920000000000002;-106,42149353027344;
78,079999999999998;-106,77606964111328;
78,239999999999995;-106,04378509521484;
78,400000000000006;-106,42149353027344;
78,560000000000002;-106,34462738037109;
78,719999999999999;-106,61669158935547;
78,879999999999995;-106,15538787841797;
79,040000000000006;-106,08082580566406;
79,200000000000003;-105,93360900878906;
79,359999999999999;-106,38298034667969;
79,519999999999996;-106,15538787841797;
79,680000000000007;-106,30644989013672;
79,840000000000003;-106,61669158935547;
80;-107,53184509277344;
